    14.654     29.556     -0.126      6.689        61277 
    14.681     14.684     -0.307      6.692       557756 
    17.070     17.012      0.621      7.623        86729 
    18.529     18.472      0.109      7.106       103044 
    19.374     19.317     -0.085      6.903        56518 
    19.478     18.291      1.664      0.782        35644 
    19.521     33.167      2.384      0.781        34734 
    19.538     19.534      0.781      0.784      1506328 
    19.574     22.899      1.272      0.782        36728 
    20.312     24.143      0.843      0.785        46100 
    20.443     20.440      0.786      0.790      1062084 
    20.840     19.185      0.779      0.790       -20008 
    20.940     20.966     -0.108      6.889        68100 
    20.953     20.948      0.893      0.898      3854611 
    20.987     20.991      0.228      7.223       170499 
    20.988     31.966      0.497      7.212       -55167 
    21.633     19.018      0.990      0.754        46858 
    21.637     21.636      0.751      0.756      1293401 
    22.226     19.103      0.987      0.874        42828 
    22.343     22.334      0.869      0.873      1051634 
    22.350     22.301      0.580      0.584       340307 
    22.644     20.170      1.220      0.389        34960 
    22.682     22.674      0.391      0.392      1071114 
    22.711     16.354      3.902      0.395        35574 
    22.718     25.730     -0.036      0.393        40165 
    23.190     23.184      1.009      1.016      1258430 
    23.343     26.939      1.541      0.782        30929 
    23.353     23.348      0.788      0.794      5136464 
    23.355     13.830      4.231      0.793        46328 
    23.552     23.546      0.860      1.018       249002 
    23.599     23.598      0.864      1.082       183590 
    23.611     23.604      0.220      7.217       202482 
    23.626     23.626      0.849      0.854      3840371 
    23.829     23.823      1.089      1.093      1068143 
    23.862     15.810      4.371      0.861        26731 
    23.876     27.206      1.720      1.082        34740 
    24.106     24.116      0.104      7.102       191149 
    24.253     24.245      0.937      0.944      1350579 
    24.467     24.462      0.787      0.793      1912694 
    24.814     24.842      1.417      0.782       -49504 
    24.965     24.961      0.849      0.856      5188345 
    24.998     21.585      1.479      0.853       -26738 
    25.161     25.124      0.044      7.042       148072 
    25.785     25.781      0.969      0.975      1213495 
    25.814     27.258      1.725      0.981        29908 
    25.818     25.814     -0.032     -0.027       563908 
    25.849     27.584     -0.126      6.874        43112 
    25.895     25.880     -0.127      6.874        83341 
    25.932     25.930      0.884      0.885      1167371 
    26.047     20.324      3.887      0.887        27287 
    26.107     22.847      0.368     -0.024        26861 
    28.553     28.571      0.074      7.074       204606 
    29.136     29.094      0.177      7.179       161398 
    29.399     17.174      3.258      6.867        21649 
    29.539     29.535     -0.126      6.874       330164 
    29.593     14.673     -0.308      6.877        62287 
    29.692     20.076      1.222      6.868       -29966 
    32.017     32.006      0.501      7.497       213106 
    32.087     20.988      0.225      7.500       -53610 
    32.624     32.618      0.385      7.379       208320 