       w1         w2         w3   Data Height 

   128.932      0.830      8.385       870767 
   125.614      8.104      9.266       418081 
   126.183      4.812      8.662       406283 
   119.527      4.456      8.265       388188 
   122.024      7.977      7.419       782202 
   115.007      7.974      8.627       891423 
   115.090      1.757      8.634       408382 
   115.028      1.257      8.625       939969 
   108.368      1.759      8.260       792495 
   108.420      2.011      8.255       353003 
   108.357      2.971      8.245       526753 
   114.971      2.694      7.382       232307 
   125.572      8.490      8.851       724651 
   115.463      7.921      8.689       554931 
   122.892      6.566      8.425       421332 
   108.647      4.558      8.612       438868 
   111.877      4.807      8.789       991318 
   110.401      4.806      8.208       787335 
   124.341      7.476      8.029       353211 
   121.593      4.800      8.161      1018310 
   121.539      1.843      8.164       803642 
   123.142      4.809      8.214      1601782 
   122.315      4.803      7.670      1789280 
   115.276      6.645      8.920       580400 
   123.915      4.477     10.671       408770 
   116.906      8.319      7.568       716344 
   125.397      4.810      8.318     25098532 
   125.402      1.534      8.323      1063299 
   118.563      4.806      8.021      2675929 
   121.653      1.697      7.654       404361 
   127.876      2.692      9.510      1306262 
   127.905      0.508      9.510       436753 
   123.636      8.302      9.185       806404 
   119.008      0.510      7.579       492574 
   119.050      2.208      7.579       648797 
   119.041      4.877      7.578       889903 
   119.024      5.290      7.571       335962 
   124.594      2.215      8.981      3484266 
   120.356      0.408      8.562       939225 
   120.435      4.812      8.548      1736950 
   121.940      3.704      8.338       470860 
   120.892      4.800      8.163      1202871 
   121.027      3.952      8.165       764259 
   115.800      4.805      8.612      2992752 
   118.251      4.806      8.248      3800359 
   121.617      3.803      8.161       922174 
   123.634      0.294      9.179       402138 
   114.090      3.457      7.501       260689 
   114.043      3.467      7.147       219638 
   112.820      1.377      6.946       274792 
   108.466      4.807      7.215     10021905 
   107.884      4.811      7.213      3521499 
   107.838      0.555      7.207       242693 
   114.898      8.265      7.375       225633 
   111.436      8.331      8.584      1375290 
   119.510      4.388      8.263       471127 
   119.533      7.414      8.266       429636 
   116.398      1.149      8.820       688147 
   119.176      0.489      8.904       366907 
   122.489      4.801      8.167       955186 
   123.623      0.557      9.180       491064 
   124.581      8.440      8.987       430577 
   122.680      2.470      8.137       498459 
   121.173      1.986      8.700       394501 
   108.392      1.276      8.256       745488 
   108.402      1.402      8.258      1216559 
   108.409      0.770      8.260       484317 
   119.914      4.806      8.201       586396 
   119.914      4.806      8.201       586396 
   112.826      3.104      6.947       398545 
   112.773      1.380      7.630       245985 
   118.939      0.930      8.095       377136 
   107.835      0.367      7.210       278998 
   106.581      8.369      8.839      1217217 
   122.271      0.826      7.668       339040 
   119.582      6.807      7.756       406804 
   116.395      0.848      8.819       774710 
   115.050      8.803      8.627      2051521 
   112.728      4.570      6.944       288938 
   120.362      5.277      8.568      1996704 
   122.659      7.169      8.136       405328 
   122.665      6.573      8.137       883399 
   123.648      6.635      7.607       722601 
   124.859      0.521     10.080       256903 
   123.877      2.174     10.672      2426903 
   119.553      2.198      7.753       928980 
   119.525      0.700      7.752       241926 
   116.929      3.695      7.566       477467 
   117.298      1.956      8.705       378771 
   121.449      4.226      7.894      1821769 
   120.962      3.030      8.162       294494 
   117.380      4.805      8.871       540673 
   121.638      1.350      7.803       625869 
   119.210      1.269      8.902      1225338 
   128.024      7.570      8.596       290711 
   108.492      1.708      7.215       878006 
   115.297      8.137      8.275      1033287 
   126.156      0.842      8.667       567547 
   124.918      6.793     10.091       722049 
   123.113      3.934      8.214      1729704 
   115.007      8.046      8.626       570448 
   121.539      1.378      8.158      1395818 
   121.570      1.732      8.161       664360 
   119.655      7.149      8.584       524028 
   118.547      0.346      8.021      1014815 
   116.397      4.698      8.823       604319 
   128.939      1.117      8.388       549397 
   128.986      1.971      8.387       446450 
   128.946      1.261      8.387      1619069 
   115.067      1.150      8.629       539134 
   115.044      0.757      8.627      1309595 
   122.346      4.788      8.176      1048624 
   120.155      2.121      8.535       709238 
   106.570      0.774      8.841      1351186 
   120.381      0.288      8.564      1019128 
   122.899      0.485      8.376       760863 
   119.061      3.176      7.580       372688 
   118.976      6.531      7.578       372486 
   122.629      6.714      8.139       532392 
   115.444      1.608      8.688       450675 
   110.363      2.285      8.205       352170 
   111.428      7.568      8.585       788429 
   116.945      8.574      7.569       853077 
   127.869      2.331      9.510       857886 
   125.487      4.898      8.316      6599738 
   119.424      4.330      9.034       364241 
   108.532      7.842      8.203      2704446 
   108.553      7.164      8.206       486573 
   122.667      6.176      8.134       541267 
   115.510      1.966      8.685       388823 
   115.288      9.269      8.918       744315 
   111.888      1.126      8.788      2576854 
   111.874      2.635      8.787       387886 
   111.897      2.287      8.790       933677 
   111.875      2.133      8.785       641471 
   115.497      4.975      8.689      1048875 
   115.497      5.456      8.689       733863 
   122.892      1.257      8.424      1498452 
   122.896      5.440      8.424       761979 
   125.624      1.574      9.268       328537 
   112.480      7.563      7.318       427551 
   112.430      7.477      6.846      1010256 
   112.437      7.472      7.319       707917 
   112.423      7.564      6.846       739065 
   122.450      2.340      8.171       435407 
   118.630      7.145      7.837       679900 
   108.605      8.615      8.617     32230182 
   108.577      3.949      8.617       649896 
   121.939      3.953      8.340     12631213 
   121.929      4.810      8.340      8628091 
   121.934      2.419      8.340     10037251 
   121.937      2.671      8.341      2224707 
   121.888      3.667      8.338       439237 
   121.941      3.810      8.341       878773 
   123.647      4.383      8.292     27013696 
   123.637      1.841      8.291      1856543 
   123.659      2.206      8.292      1292224 
   123.633      3.662      8.293       937476 
   123.614      4.517      8.288      4747632 
   123.670      0.888      8.293      1811942 
   123.646      1.649      8.294      5555728 
   123.647      1.505      8.292     16214982 
   123.649      3.557      8.291       789179 
   123.643      3.785      8.292      1162098 
   123.649      1.961      8.291      1156499 
   121.631      1.514      7.801       791735 
   121.645      4.281      7.802     28067704 
   121.641      1.686      7.803      2224664 
   121.652      2.149      7.802      2272195 
   121.665      3.539      7.802       408265 
   121.627      1.960      7.801      1086281 
   121.644      7.801      7.802    151767680 
   121.642      3.866      7.802      5590783 
   121.646      0.816      7.802      5763628 
   121.645      1.018      7.802      7357653 
   121.632      0.512      7.803      1703429 
   121.647      0.670      7.803      2163388 
   121.638      1.292      7.802       731051 
   121.652      3.866      7.656     23328416 
   121.648      0.818      7.656      2882920 
   121.645      1.019      7.656      1883543 
   121.643      0.515      7.655      1904111 
   121.656      0.677      7.656      2279761 
   121.658      1.303      7.656      1501297 
   121.643      4.296      7.655      4790992 
   121.659      2.594      7.655      7101574 
   121.659      6.861      7.655      1241992 
   121.654      8.015      7.655      1292964 
   123.833      7.645      8.028      1661494 
   123.819      2.595      8.028      3941260 
   123.828      6.866      8.027      1342710 
   123.814      2.781      8.027      2212340 
   123.823      2.452      8.027      4459638 
   123.821      7.462      8.027      5309234 
   123.814      6.981      8.028      1145843 
   123.820      6.697      8.027       460806 
   123.843      8.572      8.025       836652 
   123.815      4.300      8.028     16857766 
   127.868      6.167      9.510      6016724 
   127.869      9.508      9.510     66709340 
   127.870      6.704      9.510      3817911 
   127.860      4.450      9.510      2084333 
   127.864      0.738      9.509      1343815 
   127.870      8.136      9.510      5907286 
   127.858      1.295      9.511      1750274 
   127.858      1.165      9.511       638408 
   127.872      4.803      9.505      1049019 
   127.868      4.966      9.511      2184785 
   127.886      5.575      9.508       420585 
   127.870      2.459      9.510      2145297 
   119.634      6.851      8.581       366682 
   119.622      6.687      8.581       348178 
   119.640      4.302      8.581     10848521 
   119.656      2.454      8.580       995211 
   119.630      4.143      8.580      3757634 
   119.636      2.832      8.580      4609332 
   119.625      3.433      8.578      2386556 
   119.650      8.021      8.581      4982516 
   118.547      4.300      8.020      1673798 
   118.551      8.576      8.022      5193839 
   118.558      4.143      8.020      2908936 
   118.564      2.810      8.020      3689054 
   118.564      3.431      8.021      1379715 
   118.564      5.406      8.021      2850776 
   118.558      2.538      8.021      5066366 
   118.558      2.704      8.021      3525861 
   118.612      3.805      8.021       495136 
   118.543      0.462      8.021       743505 
   118.567      7.138      8.020      1396422 
   118.560      6.547      8.021      1898651 
   119.537      4.629      8.265     13156546 
   119.583      1.978      8.266      4303852 
   119.535      2.325      8.264      2930330 
   119.572      2.117      8.266       636725 
   119.539      3.084      8.264      3678090 
   119.534      1.637      8.265     11931035 
   119.534      0.702      8.264      2756261 
   119.532      0.255      8.264      9547999 
   119.540      1.022      8.266       947988 
   116.398      3.084      8.819     11566219 
   116.405      1.609      8.821      1125478 
   116.401      0.699      8.819      4589570 
   116.401      0.253      8.824      1562398 
   116.400      8.819      8.820     36324824 
   116.401      3.503      8.820      5843286 
   116.404      4.398      8.819      4190282 
   116.401      7.414      8.820      3939496 
   116.412      4.059      8.818       486155 
   116.407      1.552      8.821      1125159 
   116.402      8.367      8.818      1133376 
   116.404      1.992      8.819      3710540 
   116.395      1.023      8.819      2475471 
   122.055      3.820      7.413       667666 
   122.031      3.088      7.415      2305300 
   122.037      0.708      7.413       945309 
   122.028      8.818      7.415      5607858 
   122.021      3.502      7.414      1975986 
   122.037      4.397      7.415      2169348 
   122.031      7.415      7.415     68850232 
   122.024      4.044      7.415      4908380 
   122.029      1.413      7.415      7970586 
   122.031      1.576      7.415      7755464 
   122.036      0.974      7.414      2618381 
   122.040      0.467      7.415      1645011 
   122.034      0.222      7.419       859095 
   122.053      5.201      7.415       379027 
   122.022      1.170      7.414       629523 
   122.031      1.988      7.414      6538146 
   122.037      0.337      7.414      1676619 
   122.043      0.856      7.415      1094247 
   122.010      8.369      7.422      3057167 
   128.931      7.416      8.381      1048568 
   128.939      4.041      8.386     17983244 
   128.939      1.535      8.386      2623673 
   128.939      0.957      8.386      5395299 
   128.933      0.460      8.386      1089996 
   128.939      1.659      8.386      4440576 
   128.939      8.385      8.386     69247152 
   128.935      4.953      8.386      2750822 
   128.941      0.226      8.386       718395 
   128.944      5.205      8.383       458062 
   128.940      0.317      8.384       447617 
   128.937      8.034      8.392       551591 
   128.941      1.390      8.386     12874202 
   115.041      4.952      8.628     12629212 
   115.041      1.386      8.628      4637930 
   115.088      8.629      8.623     56490464 
   115.052      4.816      8.629      3160527 
   115.016      1.604      8.626      1441047 
   115.039      0.282      8.629      8602360 
   115.061      8.858      8.628      2709356 
   115.040      5.208      8.627      2749598 
   115.025      1.521      8.627      1325181 
   115.026      0.541      8.632       600919 
   119.206      4.811      8.902      9992541 
   119.206      1.607      8.902      7299578 
   119.208      0.234      8.901      2659034 
   119.209      8.899      8.902     49740784 
   119.221      4.902      8.901      2476339 
   119.208      1.758      8.902      5918126 
   119.206      1.933      8.902      2401405 
   119.192      8.344      8.902      1149404 
   119.205      5.075      8.900       626331 
   119.201      8.732      8.901      3141662 
   119.200      3.887      8.900      1400725 
   119.220      4.156      8.902      1457234 
   119.226      8.036      8.900      1294454 
   119.207      0.751      8.902      1825298 
   119.207      1.357      8.901      1476714 
   125.487      3.951      8.317      2596762 
   125.490      0.355      8.317      3429996 
   125.483      0.849      8.318      3588642 
   125.470      0.563      8.318      1674423 
   125.483      1.935      8.317      3895320 
   125.470      5.054      8.317      2711028 
   125.469      0.141      8.317       692244 
   125.489      8.869      8.317      1307955 
   125.489      1.740      8.317      8460719 
   128.049      3.952      8.595     10884449 
   128.023      1.734      8.596       902679 
   128.049      0.390      8.591       733049 
   128.024      0.856      8.598       636489 
   128.050      0.558      8.595      2913708 
   128.045      8.593      8.595     48477580 
   128.040      4.797      8.596      2774486 
   128.047      2.607      8.594      2277246 
   128.035      3.043      8.594      1679174 
   128.013      7.319      8.595       733676 
   128.079      6.835      8.595       517787 
   128.003      8.390      8.594      1140450 
   128.044      9.039      8.590       290872 
   128.039      1.489      8.591       569208 
   128.049      4.328      8.594       611023 
   128.084      2.320      8.597       418549 
   128.064      1.933      8.593       410139 
   128.058      4.950      8.597      1320948 
   128.039      0.141      8.595      1279541 
   112.497      8.624      6.834       308378 
   112.415      2.603      7.319      1721203 
   112.448      2.615      6.844      1765125 
   112.419      3.046      7.319       982647 
   112.439      3.036      6.843       915793 
   112.439      7.317      7.319     13955787 
   112.432      7.317      6.843     14936564 
   112.436      6.840      7.319     13857303 
   112.429      6.841      6.844     21420432 
   112.532      8.393      7.321       254742 
   112.434      4.340      7.317       494378 
   112.429      4.329      6.843       782631 
   112.423      3.893      7.322       323345 
   112.365      3.894      6.844       344739 
   112.421      4.791      7.318       674003 
   112.411      4.795      6.844       688934 
   115.737      0.562      8.392       434745 
   115.751      8.592      8.394       434456 
   115.720      4.782      8.391      4350890 
   115.717      2.612      8.392      1712883 
   115.721      3.043      8.392      3087780 
   115.712      8.391      8.392     31731000 
   115.728      4.556      8.391      2142746 
   115.721      2.793      8.391      3774839 
   115.723      9.031      8.391      1336454 
   115.696      0.866      8.393       523716 
   112.795      4.802      7.635       326565 
   112.757      8.387      7.635       357755 
   112.680      8.389      6.950       306979 
   112.743      4.562      7.636       545205 
   112.795      2.788      7.635      3087194 
   112.781      2.787      6.947      1762060 
   112.778      7.634      7.635     66860892 
   112.781      7.633      6.946     44847104 
   112.781      6.942      7.635     48432808 
   112.771      6.942      6.946     77637400 
   112.825      4.667      6.946       314923 
   112.834      3.104      7.637       403344 
   112.849      0.873      6.948       266029 
   112.808      0.879      7.634       213026 
   119.485      8.598      9.028       442409 
   119.410      8.389      9.033      2113044 
   119.395      4.559      9.032      2183090 
   119.410      9.030      9.034     28656800 
   119.413      4.651      9.034      1953337 
   119.428      2.850      9.034      2375557 
   119.414      2.931      9.034      2578068 
   119.398      7.498      9.034       661669 
   119.446      7.133      9.033       411645 
   119.405      8.174      9.034      3109650 
   119.433      1.481      9.033       428105 
   114.111      9.043      7.498       425101 
   114.116      9.027      7.140       260464 
   114.020      4.680      7.499       301875 
   114.042      4.685      7.143       243499 
   114.076      2.825      7.500      1328223 
   114.076      2.816      7.143      1003934 
   114.068      2.931      7.497      2101564 
   114.071      2.931      7.143      1382343 
   114.068      7.498      7.497     25490516 
   114.069      7.498      7.141     22079308 
   114.068      7.138      7.497     22752974 
   114.065      7.139      7.141     33893716 
   114.065      4.327      7.496       555771 
   114.035      4.327      7.144       341432 
   122.363      0.558      8.175       687406 
   122.386      2.605      8.174       457919 
   122.356      9.032      8.174      5053443 
   122.356      4.667      8.174      4595116 
   122.369      2.856      8.175      1591378 
   122.364      2.935      8.174      1544844 
   122.322      4.572      8.174      4368866 
   122.361      1.487      8.175      9679403 
   122.359      7.753      8.175      3886673 
   122.516      3.938      8.167       529433 
   122.383      0.924      8.173      1265870 
   122.317      4.327      8.172       496853 
   122.365      1.805      8.172       548653 
   122.354      1.938      8.175       558629 
   117.861      8.174      7.761      1380911 
   117.884      4.598      7.762      1184038 
   117.874      1.488      7.761       674057 
   117.874      7.761      7.762     13574408 
   117.850      3.925      7.760       968495 
   117.863      1.691      7.761      1228610 
   117.859      1.776      7.759      1188391 
   117.854      1.169      7.755       371136 
   117.910      1.379      7.762       849548 
   117.887      0.928      7.764       524656 
   108.456      1.779      7.213       816651 
   108.452      3.084      7.214      7164682 
   108.454      7.213      7.214     92666384 
   108.459      1.170      7.214      1111636 
   108.474      1.382      7.215      1549120 
   108.480      0.920      7.215       337972 
   108.531      1.658      7.218      1157269 
   118.650      3.930      7.824      1417192 
   118.547      1.689      7.828       593247 
   118.547      1.790      7.828       479555 
   118.630      1.385      7.851       622576 
   118.516      4.414      7.823      1212619 
   118.516      2.961      7.828      1825408 
   118.516      3.092      7.823      1423073 
   118.516      8.220      7.814       806332 
   108.549      4.597      8.206       290222 
   108.526      4.409      8.203      3690846 
   108.540      2.979      8.203      1756064 
   108.538      3.086      8.203      1482157 
   108.523      3.969      8.205      8134142 
   118.994      4.591      8.092       464602 
   118.999      1.463      8.089      1131652 
   118.905      7.840      8.094      1026223 
   119.005      4.385      8.085      1236843 
   118.950      8.228      8.094      6276788 
   118.943      3.967      8.095      6071100 
   118.948      8.092      8.094     97385336 
   118.943      4.906      8.093      2799906 
   118.933      2.867      8.095      4004832 
   118.946      2.975      8.094      2826710 
   119.056      1.669      8.084      1044247 
   118.944      3.529      8.095      1593850 
   118.949      3.612      8.094      1319697 
   115.852      4.268      8.606      2068041 
   115.842      2.340      8.609       312115 
   115.848      1.726      8.608      1384573 
   115.871      1.989      8.609       413552 
   115.832      8.610      8.607     18627144 
   115.839      4.650      8.606      1635264 
   115.870      7.203      8.607       336882 
   115.840      3.201      8.607      2653870 
   115.819      8.248      8.608      1143488 
   118.338      2.990      8.244       395215 
   118.255      8.605      8.248      1118162 
   118.241      4.651      8.250      1566700 
   118.244      4.419      8.246      1039419 
   118.220      7.520      8.250       923420 
   118.257      0.928      8.246       302011 
   118.240      3.206      8.248      2533796 
   120.372      4.431      7.498       244464 
   120.307      3.591      7.501        45930 
   120.405      1.945      7.514       264486 
   120.365      0.929      7.531       276802 
   115.412      1.731      8.916      1421763 
   115.392      0.547      8.917      1115611 
   115.413      4.786      8.917       538795 
   115.434      3.615      8.914      6920001 
   115.439      3.883      8.914      4253136 
   115.434      4.148      8.914      3393394 
   115.411      8.203      8.916      2801250 
   115.341      1.956      8.918      3054024 
   115.346      8.917      8.918     67099088 
   120.086      0.383      8.201       844562 
   120.107      0.551      8.201       654152 
   120.052      3.195      8.205       379962 
   120.072      3.615      8.203       868114 
   120.050      0.864      8.203       910754 
   120.083      8.914      8.202      3401895 
   119.998      3.888      8.202      3981693 
   120.083      4.145      8.203      2957228 
   120.080      4.369      8.202      3708424 
   120.089      1.910      8.202      5306216 
   120.062      7.215      8.201       469825 
   120.079      1.699      8.202      5381696 
   120.061      3.042      8.199       919465 
   120.080      8.540      8.202      2270363 
   107.884      4.404      7.212      1720253 
   107.901      8.185      7.211       316281 
   107.888      1.879      7.211      1276414 
   107.896      1.653      7.212      3996125 
   107.884      3.047      7.214      4453144 
   107.887      1.125      7.212       729863 
   120.154      8.193      8.534      2494733 
   120.173      4.367      8.535     11420588 
   120.172      1.825      8.535      4418768 
   120.178      5.069      8.535      2632056 
   120.173      1.675      8.535      5952201 
   120.217      1.349      8.536      1723996 
   120.259      3.308      8.545       419662 
   120.191      2.285      8.535      1309881 
   120.234      8.867      8.545      1218578 
   106.581      1.355      8.842      1322980 
   106.577      8.603      8.840      3929034 
   106.580      0.289      8.841      3012336 
   106.572      4.902      8.840      2159626 
   106.581      8.302      8.840      1175376 
   106.580      5.067      8.841     12185639 
   106.578      1.673      8.841      2671369 
   106.584      3.564      8.841      3508134 
   106.579      4.536      8.841      3379812 
   106.602      0.544      8.841       894694 
   106.570      0.853      8.841       932485 
   106.576      5.231      8.843       792781 
   106.629      1.806      8.843      4047267 
   120.370      3.564      8.566      7337834 
   120.363      4.537      8.565      6714120 
   120.371      1.158      8.565      1395180 
   120.349      1.492      8.563      6169742 
   120.381      0.872      8.565      1350184 
   120.368      0.549      8.566      5386504 
   120.384      8.706      8.567      4657882 
   120.367      3.694      8.566      1406939 
   120.362      5.227      8.566      3846217 
   122.861      3.089      8.360       545127 
   122.831      8.815      8.367      1105235 
   122.851      3.512      8.363       337687 
   122.861      7.414      8.365      1241198 
   122.854      4.953      8.369      1535511 
   122.852      5.208      8.365     11475289 
   122.855      4.107      8.365      2485601 
   122.852      1.991      8.364      6359566 
   122.856      0.311      8.366      2187631 
   122.850      0.819      8.366      3078182 
   122.849      1.523      8.364      6252453 
   122.862      1.020      8.366      1817435 
   122.854      0.531      8.364       680644 
   123.589      4.106      9.179      6815732 
   123.588      9.178      9.179     22341000 
   123.586      4.706      9.181      1321572 
   123.586      1.299      9.178      1867983 
   123.552      0.871      9.178      3212425 
   123.592      7.575      9.179      6843620 
   123.658      4.370      9.186       359583 
   123.646      1.410      9.180       851404 
   123.591      4.868      9.179      2141146 
   123.601      8.701      9.182       825434 
   123.586      8.388      9.178       665649 
   123.584      2.005      9.179      1507324 
   123.591      0.967      9.181      4212460 
   119.054      3.087      7.578       482226 
   119.032      0.713      7.578      1084152 
   119.029      0.245      7.576      1078080 
   119.052      4.111      7.577      2528092 
   119.035      1.014      7.579      5893592 
   119.043      9.179      7.578     11406240 
   119.019      4.705      7.578      1469709 
   119.033      1.976      7.579      3228788 
   119.028      1.298      7.581      2605411 
   119.028      0.889      7.575      2844833 
   119.035      4.379      7.578      3589090 
   119.042      1.800      7.580      2237768 
   119.028      8.985      7.576       863160 
   119.025      1.145      7.579       996613 
   119.058      5.571      7.579       639463 
   119.038      8.422      7.578      4247044 
   119.035      1.393      7.578      3569630 
   124.599      0.254      8.980      2867629 
   124.623      7.581      8.980       825021 
   124.601      4.382      8.981     17129476 
   124.590      1.808      8.981      1794760 
   124.602      1.962      8.981      1758049 
   124.597      2.094      8.980      2989824 
   124.555      4.439      8.981      5411938 
   124.592      0.736      8.980      3157132 
   124.599      2.344      8.981      6099065 
   124.609      6.565      8.983       627841 
   124.573      8.526      8.982       687171 
   124.591      8.136      8.978       808767 
   122.614      9.509      8.136      4177790 
   122.626      4.453      8.136      9909043 
   122.668      0.742      8.134      1020222 
   122.645      2.341      8.135       756947 
   122.573      4.494      8.135      6085342 
   122.637      1.206      8.136      4626745 
   122.644      1.243      8.137      4710086 
   122.626      0.201      8.136      1071941 
   122.620      0.481      8.135      1313260 
   122.640      4.968      8.134       742555 
   122.645      5.579      8.137      2565619 
   122.624      7.130      8.146       417663 
   114.911      1.233      7.379       903474 
   114.937      3.165      7.375       279599 
   114.902      3.398      7.381       331890 
   114.922      7.380      7.381     11595860 
   114.938      4.566      7.381      1473675 
   114.919      3.954      7.378      1314983 
   114.935      4.062      7.383      1005867 
   114.985      8.845      7.374       280551 
   114.904      7.232      7.379       586629 
   125.539      7.384      8.853       348183 
   125.574      4.571      8.851     10907762 
   125.578      3.950      8.851      1340758 
   125.572      4.063      8.850      2445662 
   125.573      8.848      8.850     46772856 
   125.571      4.227      8.850      3751296 
   125.573      1.392      8.850      8946694 
   125.579      7.979      8.849      5389972 
   125.523      0.584      8.851       311765 
   125.568      7.230      8.851       658952 
   110.155      4.574      7.980      1557686 
   110.154      4.060      7.980      1730194 
   110.157      8.847      7.980      6153439 
   110.156      4.228      7.979      2752201 
   110.163      1.393      7.980      4324089 
   110.158      7.979      7.980     89253992 
   110.157      3.442      7.980      6759547 
   110.158      0.586      7.979      1979703 
   110.158      7.232      7.979     13201674 
   110.156      4.481      7.977       540508 
   110.176      2.298      7.981       512009 
   110.133      2.906      7.978       329469 
   110.123      6.795      7.980       673381 
   110.154      3.911      7.980      5931952 
   115.793      0.193      7.231       603942 
   115.842      7.382      7.232      1117910 
   115.837      4.568      7.233       848861 
   115.842      3.938      7.232      5911834 
   115.837      4.054      7.233      1846938 
   115.837      8.847      7.233       921706 
   115.817      4.230      7.233       692542 
   115.834      1.381      7.233      1037503 
   115.838      7.979      7.232     16129793 
   115.840      3.442      7.232      5120219 
   115.829      0.589      7.231      1388310 
   115.840      7.232      7.232     95445304 
   115.849      4.462      7.232      4058494 
   115.843      2.292      7.232      4618636 
   115.837      2.912      7.232      2254892 
   115.830      6.787      7.232      3102747 
   115.859      8.286      7.232       793180 
   115.842      1.644      7.232       421360 
   115.269      0.204      8.281       593457 
   115.248      7.216      8.279       684861 
   115.274      4.459      8.279      5651822 
   115.282      2.291      8.279      1508324 
   115.279      2.904      8.279      2218772 
   115.285      6.789      8.280       826782 
   115.272      8.278      8.278     21857832 
   115.267      4.971      8.281      1385642 
   115.277      2.543      8.280      2418745 
   115.283      8.686      8.280      7509956 
   115.297      8.925      8.283       709431 
   115.239     10.072      8.283       265430 
   115.271      4.752      8.280      3284923 
   115.278      1.618      8.282       781042 
   115.278      1.734      8.281       699855 
   115.261     10.666      8.280       675780 
   115.477      1.241      8.689       654376 
   115.459      0.202      8.688      1611353 
   115.465      4.469      8.687      1796139 
   115.471      2.906      8.687      1712066 
   115.497      6.783      8.687       517866 
   115.472      8.280      8.687     10832013 
   115.475      8.688      8.687     49316784 
   115.476      5.578      8.687      2307257 
   115.481      3.191      8.688      1829675 
   115.460      7.170      8.687      1500903 
   115.430      5.228      8.687       354892 
   115.446      0.845      8.689       441819 
   115.464      8.926      8.687      2978765 
   115.480      2.329      8.687      1494764 
   115.475      4.758      8.688      1250272 
   115.470      2.527      8.687      5419479 
   115.502      0.485      8.687       786759 
   122.896      1.022      8.419      1704129 
   122.889      9.208      8.421       822810 
   122.894      7.575      8.424      3339212 
   122.912      1.793      8.426      1402819 
   122.908      4.434      8.426       831816 
   122.894      0.210      8.420      1342009 
   122.896      0.478      8.423      1299400 
   122.895      1.153      8.423      2469003 
   122.894      5.577      8.425     10159771 
   122.899      2.520      8.425      1446659 
   122.892      3.192      8.425      2584150 
   122.916      7.164      8.426       821103 
   122.877      5.246      8.420      2605209 
   122.901      1.400      8.424      5972544 
   122.899      9.243      8.424       847457 
   125.624      0.362      9.272       343249 
   125.673      4.069      9.265       399198 
   125.643      0.186      9.264       425494 
   125.617      8.414      9.266       792054 
   125.618      5.265      9.266     11373236 
   125.619      1.400      9.268      3106752 
   125.618      9.264      9.266     41627048 
   125.624      4.870      9.267      1748196 
   125.616      2.181      9.266      4979004 
   125.619      0.551      9.268      1546063 
   125.615      0.853      9.267      3292381 
   125.609      8.696      9.268       725242 
   125.619      0.692      9.266      1914982 
   125.611      8.539      9.267      2795156 
   125.616      3.729      9.267       394224 
   125.595      7.596      9.267       286587 
   125.615      5.457      9.267      1450766 
   125.627      6.522      9.268       779530 
   125.621      8.911      9.269       682588 
   125.616      7.150      9.266      1059895 
   121.156      3.567      8.698       609392 
   121.161      4.554      8.696       590664 
   121.118      8.561      8.697      4604934 
   121.142      1.156      8.702       322496 
   121.114      1.495      8.702       863090 
   121.126      4.111      8.700      1281583 
   121.108      9.180      8.699      1079830 
   121.141      1.303      8.697       557581 
   121.122      0.885      8.700      3570145 
   121.119      4.869      8.700      8942590 
   121.124      2.169      8.699       548779 
   121.125      0.549      8.700      3521158 
   121.123      5.381      8.700      1862304 
   121.125      3.705      8.700      4998288 
   121.101      0.693      8.702       718092 
   126.156      0.545      8.669       446482 
   126.142      5.379      8.665      6476516 
   126.144      3.701      8.666      1324910 
   126.069      5.258      8.662      1387680 
   126.104      3.301      8.668       790633 
   126.125      7.675      8.662       730695 
   126.156      8.232      8.651       758101 
   126.126      4.955      8.663       713523 
   126.140      4.538      8.668       335984 
   126.149      2.626      8.665      1516930 
   117.319      8.537      8.874      1125726 
   117.336      3.566      8.879       794081 
   117.318      4.532      8.875       890361 
   117.346      8.626      8.875       905177 
   117.331      5.267      8.874      4828991 
   117.330      2.630      8.875      3162724 
   117.331      3.297      8.875      5436360 
   117.330      8.873      8.874     39425152 
   117.333      4.156      8.875      3704303 
   117.329      2.131      8.874      5958252 
   117.332      2.285      8.874      5155680 
   117.362      1.128      8.871       525136 
   117.357      8.210      8.872       472733 
   111.913      3.294      8.791       286886 
   111.896      4.154      8.788       699123 
   111.886      4.457      8.788      1626361 
   111.914      4.329      8.781      1011447 
   111.895      8.204      8.786      4685932 
   111.865      3.605      8.790       354928 
   111.891      7.669      8.785       882851 
   110.419      4.165      8.204      1327033 
   110.405      2.135      8.210       384561 
   110.403      8.783      8.205      8151786 
   110.403      4.445      8.204      2322564 
   110.398      1.130      8.203      1035571 
   110.404      8.205      8.205     59227392 
   110.407      3.599      8.205      7284164 
   110.413      7.666      8.205      7195820 
   110.400      2.629      8.206       907485 
   110.407      4.333      8.205      5391502 
   122.304      5.389      7.661       376983 
   122.314      8.663      7.667      1428019 
   122.319      8.790      7.668      1570783 
   122.292      4.444      7.666       768631 
   122.327      1.128      7.669       503209 
   122.307      3.595      7.668      1814847 
   122.327      4.333      7.666      2202886 
   122.306      4.553      7.667      3824463 
   122.308      8.206      7.667      8116043 
   122.312      2.622      7.667      9856454 
   124.057      5.375      8.254       435966 
   124.111      7.673      8.252      1054620 
   124.126      4.552      8.253     18968890 
   124.123      2.610      8.253      3524503 
   124.124      4.962      8.255      2303443 
   124.125      0.693      8.253      2220890 
   124.128      1.602      8.252     10265700 
   124.129      0.830      8.252      3280760 
   122.869      5.260      8.537       546650 
   122.877      1.404      8.536       891301 
   122.857      9.265      8.539      2407920 
   122.863      4.827      8.539      1527358 
   122.866      2.182      8.538       717597 
   122.858      5.392      8.539      1213582 
   122.944      8.250      8.541       969789 
   122.857      4.960      8.538      9048504 
   122.883      1.616      8.533      1042526 
   122.857      0.682      8.538      3711659 
   122.847      4.046      8.538      2400752 
   122.858      3.741      8.538      2376689 
   122.854      7.604      8.538       542730 
   122.884      7.133      8.538       443666 
   122.843      7.102      8.538       450996 
   122.854      0.835      8.538      1492962 
   123.644      6.768      7.605       460836 
   123.635      5.251      7.605       385902 
   123.616      8.542      7.605       522157 
   123.620      4.046      7.606     11437707 
   123.632      3.743      7.606      2494898 
   123.620      0.617      7.606      6140882 
   123.613      5.465      7.606      2283618 
   123.624      1.585      7.606      4529120 
   123.616      1.967      7.606      2274658 
   123.608      6.528      7.608      1080331 
   123.636      8.920      7.605       565335 
   115.278      0.194      8.922      1053904 
   115.319      4.460      8.921       465500 
   115.290      2.899      8.921      1094028 
   115.282      6.783      8.921       735434 
   115.286      8.678      8.920      2681744 
   115.280      2.519      8.922      1105918 
   115.303      3.193      8.921       497294 
   115.274      7.167      8.921      1617984 
   115.278      1.400      8.918       463751 
   115.410      0.871      8.915      3079588 
   115.306      7.596      8.921       864568 
   115.276      5.466      8.921     10223349 
   115.295      1.591      8.921      1496462 
   115.278      6.536      8.919       839056 
   115.274      5.237      8.921      3162769 
   115.273      2.359      8.921      3084284 
   115.248     10.083      8.925       491634 
   124.916      4.458     10.084       274041 
   124.931      8.267     10.092       475860 
   124.904      7.174     10.090       854440 
   124.841      8.928     10.093       379978 
   124.889      5.222     10.090      5660963 
   124.896      3.694     10.090      2342330 
   124.887     10.087     10.089     23415650 
   124.874      4.756     10.089      1214117 
   124.886      2.187     10.090      1574814 
   124.937      3.018     10.083       209098 
   124.894      1.735     10.090      2585956 
   124.871     10.664     10.096       347029 
   124.893      7.745     10.088       422075 
   124.890      2.583     10.091      1035133 
   124.925      1.952     10.089       390087 
   125.008      0.135     10.086       232942 
   124.887      2.350     10.090      1833263 
   124.890      1.594     10.089      3343736 
   123.875      4.439     10.672       365917 
   123.891      8.286     10.673      1027251 
   123.886      2.439     10.672      7340325 
   123.877      2.539     10.673      3836429 
   123.891      7.146     10.672      1321505 
   123.924     10.103     10.663       364663 
   123.886      4.754     10.672      6492608 
   123.886      1.604     10.672      1623516 
   123.879      1.727     10.672      1055839 
   123.885     10.671     10.672     31961722 
   123.881      4.192     10.672      2622004 
   123.884      8.583     10.672      1860889 
   111.427      1.589      8.586      1543928 
   111.427      2.192      8.584      2577272 
   111.437      1.773      8.585      1110734 
   111.429     10.668      8.585      2563773 
   111.418      4.178      8.585      1279103 
   111.429      2.415      8.584      4301429 
   111.429      8.583      8.585     69398584 
   111.428      4.740      8.585      4903994 
   111.426      3.199      8.584      5416254 
   111.431      3.436      8.584      4153342 
   111.434      7.123      8.584      1014343 
   111.405      8.130      8.584       572363 
   111.433      7.745      8.585      4436254 
   119.554      3.709      7.751       448673 
   119.558     10.089      7.752       544791 
   119.575     10.667      7.747       262501 
   119.542      4.183      7.750       517678 
   119.558      8.586      7.750      3011368 
   119.563      4.737      7.750      1201218 
   119.638      3.198      7.746       493953 
   119.599      3.435      7.754       437229 
   119.524      7.123      7.749       697209 
   119.559      4.332      7.751      2376864 
   119.558      2.329      7.750      2549941 
   119.559      2.587      7.750      3560618 
   119.562      1.788      7.750      3553325 
   119.617      1.933      7.750      1926069 
   119.570      7.576      7.750      6158772 
   119.591      0.506      7.754       322725 
   119.511      0.143      7.749       406531 
   119.562      1.609      7.748      1669989 
   116.939      7.320      7.569      1149120 
   116.940      6.817      7.570      1315939 
   116.968      4.179      7.569       725666 
   116.925      4.741      7.570      1326238 
   116.948      7.739      7.569      7296121 
   116.919      4.332      7.568      1587444 
   116.928      2.323      7.570       939125 
   116.946      2.586      7.568      1092892 
   116.969      4.947      7.576      1957104 
   116.948      0.679      7.569      2104482 
   116.945      1.843      7.569      4444572 
   116.926      0.503      7.568      1310386 
   116.938      0.142      7.569      1639045 
   116.936      1.633      7.569      4167629 
   116.966      8.718      7.570       768886 
   117.263      1.608      8.711      1106489 
   117.226      0.269      8.708       465228 
   117.279      8.877      8.710      2254292 
   117.300      1.783      8.708       675343 
   117.284      4.947      8.708      3524769 
   117.293      0.686      8.709       817346 
   117.280      0.153      8.709       786663 
   117.289      8.708      8.709     16435788 
   117.273      4.819      8.712      1675536 
   117.287      3.887      8.710      2253656 
   117.287      1.257      8.707       588510 
   117.300      3.663      8.712       310370 
   124.286      0.937      8.039       448858 
   124.258      0.465      8.039       783816 
   124.203      8.389      8.039       409316 
   124.255      4.807      8.039      6197244 
   124.274      1.613      8.038      1391238 
   124.258      0.216      8.040      2259995 
   124.259      8.898      8.039      1414164 
   124.255      4.161      8.039     13269718 
   124.277      1.766      8.039      1877942 
   124.260      1.992      8.040      2113799 
   124.269      3.663      8.039       378278 
   124.242      8.036      8.038     56284132 
   124.255      4.247      8.036      5271378 
   124.257      1.260      8.039      7445456 
   124.254      1.387      8.039      7353454 
   124.264      8.490      8.040      2026766 
   124.267      0.754      8.040      2555174 
   123.090      8.035      8.493      2856857 
   123.079      1.269      8.491      3037693 
   123.091      1.738      8.492     10551999 
   123.080      4.252      8.493     24820914 
   123.086      1.402      8.491      7635292 
   110.697      4.246      8.486     19798126 
   110.696      1.754      8.486      4077049 
   110.695      1.386      8.485      1911268 
   110.696      3.877      8.486     11193374 
   110.695      3.984      8.485      9551383 
   110.693      8.244      8.486      4212338 
   110.692      8.485      8.486    137920320 
   108.368      8.500      8.257      4775342 
   108.364      1.599      8.258       790958 
   108.373      0.886      8.257       563028 
   108.367      3.943      8.257     30867802 
   108.357      4.250      8.257      2020810 
   121.618      3.941      8.161     17981268 
   121.585      4.264      8.161      8786057 
   121.574      0.880      8.161      3812184 
   121.585      1.292      8.159       810021 
   121.604      1.582      8.160     22355092 
   123.128      4.246      8.213     19521894 
   123.149      1.543      8.212      5974820 
   123.135      0.864      8.212      2542153 
   123.133      8.211      8.213    290959872 
   123.118      4.183      8.216      8658047 
   123.127      1.291      8.213     18122270 
   123.130      7.876      8.214      8289140 
   123.143      2.976      8.214       540364 
   118.530      1.551      7.883      1178708 
   118.487      8.220      7.884      7133796 
   118.481      4.191      7.885     15533776 
   118.484      1.292      7.885      6357338 
   118.483      4.470      7.885      8223116 
   118.489      2.980      7.884     14984731 
   118.485      7.041      7.885      3509908 
   118.550      3.930      7.874      1659349 
   118.508      2.023      7.884       572404 
   118.505      0.883      7.885      1174758 
   121.453      1.305      7.894       631163 
   121.457      4.471      7.894     16386918 
   121.457      2.985      7.894      5545156 
   121.463      7.042      7.896      1897073 
   121.457      3.933      7.894      6823510 
   121.457      2.012      7.893     11119417 
   121.458      0.893      7.894     10882730 
   121.470      1.572      7.896      1165974 
   124.553      2.996      8.144       475212 
   124.542      7.896      8.147      7566358 
   124.546      3.933      8.147     20973486 
   124.543      2.012      8.147      4520230 
   124.549      4.209      8.148      7848917 
   124.545      1.583      8.147     19119638 
   124.547      0.866      8.147      6988878 
   120.979      4.203      8.162     20974268 
   121.008      0.864      8.162      3845750 
   120.985      4.123      8.163      7879698 
   120.977      2.150      8.163      3468274 
   120.987      1.849      8.163     16352122 
   121.011      2.947      8.166       259599 
   121.041      1.584      8.160      5213818 
   118.819      0.863      8.307       426366 
   118.831      4.135      8.308      8896223 
   118.826      2.136      8.308       503590 
   118.824      1.849      8.308      2501632 
   118.822      8.307      8.307     70051392 
   118.836      4.530      8.306      3996716 
   118.829      2.944      8.308      4058968 
   118.817      3.079      8.308      2365622 
   118.833      7.052      8.308       511228 
   119.173      4.546      8.364      1425310 
   119.182      3.054      8.368       714800 
   119.693      4.577      8.492       352650 
   125.402      4.597      8.317      8441842 
   125.395      4.419      8.311      2248537 
   125.394      3.144      8.317      3176794 
