       w1         w2         w3         w4   Data Height 

    26.154     26.136      0.099      0.106      8270320 
    30.835     15.085      4.675      6.590       240823 
    30.785     20.477     -0.259      6.592      -287194 
    30.891     28.895      1.212      6.595       140349 
    13.947     26.800      0.869      0.845       732758 
    13.947     19.141      1.471      0.866     -1157054 
    17.799     19.150      5.028      0.683       367321 
    31.545     31.067      4.049      5.380       -75032 
    13.947     19.118      5.029      5.349       343250 
    30.802     30.806     -0.415      6.589      2120454 
    29.479     18.269      4.338      7.180      -276290 
    15.760     14.639      4.478      6.851      -225370 
    28.956     15.938     -0.152      6.852       691478 
    21.657     24.257      3.035      0.163       624272 
    21.628     15.195      4.290      0.164       401938 
    21.622     30.841      1.570      0.164       709234 
    21.635     21.617      0.161      0.165     23658410 
    21.638     21.607      0.655      0.164      1301732 
    20.906     20.910      0.839      0.142      -243370 
    21.633     21.603      0.162      0.659      1137107 
    21.214     15.058      4.288      0.662       122073 
    27.542     28.410      1.192      0.435       139584 
    25.208     23.718      0.932      0.937      -887352 
    24.234     21.585      0.240      0.924        68454 
    21.459     13.623      4.429      0.923       276791 
    21.288     23.660      4.169      0.923       246950 
    21.484     23.507      3.254      0.923       291139 
    21.410     31.659      1.878      0.921       621240 
    21.369     29.818      1.822      0.921       144102 
    21.330     29.877      1.615      0.921       170746 
    21.181     19.817      1.460      0.888        60440 
    31.623     21.313      0.910      1.890       400464 
    19.749     13.912      0.409      0.529       699016 
    21.003     16.353      1.840      0.544       128410 
    19.701     23.594      3.277      0.536       264621 
    21.318     19.182      1.025      0.547       -72256 
    26.154     26.136      0.099      0.106      8270320 
    26.173     21.760      0.415      0.106       645397 
    26.190     26.934      1.116      0.104       267304 
    26.134     22.282      1.208      0.108      -268911 
    26.026     22.747      2.229      0.099      -163720 
    26.025     22.739      2.869      0.101      -178257 
    26.249     16.076      1.550      0.088      -137245 
    26.096     16.169      1.934      0.107       -80673 
    22.071     22.058      0.504      0.508     23835406 
    23.191     29.381      3.731      0.536       -95634 
    22.082     28.909      3.710      0.508       541500 
    22.104     19.380      3.982      0.507       435870 
    22.171     33.128      4.560      0.506      -107057 
    21.766     26.150      0.099      0.421       669202 
    26.059     21.610      1.379      0.106       180803 
    23.212     13.943      0.412      0.166       229084 
    24.029     25.797      0.728      0.738      -579675 
    24.429     19.732      1.466      0.769       -89660 
    24.330     19.250      1.371      0.764       -78926 
    25.578     21.356      1.317      0.731      -442420 
    24.832     20.620      2.987      0.770        69174 
    24.744     27.577      1.333      0.768       -73115 
    24.987     25.794      1.225      0.768      -115571 
    24.105     24.245      0.642      1.842       341773 
    22.621     21.105      0.825      0.834     -2809530 
    25.805     21.221      2.867      1.153        60741 
    14.466     22.662      1.446      4.003      -138043 
    19.127     19.118      5.032      5.033      2168258 
    19.190     13.938      5.346      5.036       313051 
    19.143     17.817      0.674      5.030       341023 
    19.170     27.884      0.798      5.038       176776 
    19.220     28.075      1.618      5.044       119818 
    20.903     28.385      4.268      4.456       788312 
    30.570     30.424      2.964      4.961      -137513 
    32.147     24.850      0.943      5.209        65005 
    32.839     32.866      4.949      4.956      2604322 
    34.000     32.861      4.944      5.070       409350 
    32.839     33.868      5.059      4.956       365283 
    19.120     20.940      4.102      4.804       377742 
    22.606     20.978      3.952      4.096        69353 
    32.056     32.054      5.335      5.341      1570938 
    32.087     25.560      4.498      5.343       232092 
    31.997     25.502      3.565      5.347       210331 
    32.081     22.853      3.183      5.349       183334 
    30.736     23.032      3.087      5.334       -94890 
    30.596     22.703      3.188      5.367       -67798 
    32.191     22.849      2.545      5.335       130972 
    25.541     32.193      5.349      4.477       144254 
    28.343     28.384      4.269      4.270      4410846 
    28.361     20.828      4.451      4.269       682098 
    28.333     21.625      1.065      4.270       710364 
    21.653     28.379      4.267      1.074       916448 
    20.139     21.645      1.069      1.078     -1141006 
    20.233     21.134      4.373      1.066       -68884 
    15.000     32.935      4.491      5.559      -207771 
    14.962     14.946      4.972      4.974      1969796 
    15.817     15.827      4.343      4.970      -354804 
    14.970     29.531      3.574      4.974      -304040 
    15.018     29.531      3.314      4.974      -148704 
    14.930     28.120      2.808      4.971       112702 
    15.119     27.971      3.017      4.981       185979 
    15.103     27.652      2.857      4.995        65208 
    13.947     28.419      2.908      4.978        61379 
    20.436     27.949      0.346      3.919        72037 
    13.947     13.947      4.223      3.986       534465 
    32.822     27.620      1.626      0.777       -97898 
    34.000     21.103      0.817      0.824      1332543 
    32.477     34.000      0.801      0.812      -889160 
    34.000     19.100      5.037      0.809      -221096 
    32.759     18.878      4.984      0.783        81514 
    13.947     21.568      0.195      0.825      -267125 
    13.947     25.010      0.860      0.333       560132 
    13.947     25.010      0.860      0.333       560132 
    13.947     27.931      0.741      0.330       210089 
    13.947     19.721      0.522      0.425       770799 
    13.947     19.856      3.949      0.422       156033 
    13.947     31.874      3.218      0.429       118346 
    13.947     32.063      2.028      0.435       121553 
    13.947     27.895      0.807      0.427       386959 
    13.947     27.853      0.314      0.424       427971 
    13.947     23.297      0.164      0.426       256327 
    13.947     21.093      0.805      0.441      -273482 
    13.947     15.827      1.857      0.425      -208775 
    13.947     13.902      0.417      0.427     16526308 
    19.540     19.350      1.399      1.012       117181 
    19.704     19.684      0.520      1.011       260396 
    21.714     26.114      0.102      1.381       195528 
    27.601     32.423      1.931      0.432       191409 
    13.947     14.255      0.330      0.836       156191 
    21.873     21.977      3.843      0.560       545137 
    21.903     21.927      0.562      0.801       775682 
    20.386     21.808      0.563      0.803      -135759 
    21.056     21.082      0.825      0.579       787207 
    20.930     13.623      4.428      0.803       495702 
    28.636     22.111      3.844      3.405       290019 
    19.603     15.917      1.860      0.529      -387661 
    17.438     17.468      0.273      0.277     13927497 
    20.137     13.962      1.063      0.528        35535 
    21.494     16.950      3.684      0.921       341267 
    24.456     24.778      0.607      0.138        66995 
    21.531     24.431      1.876      0.220       -78891 
    17.480     12.426      4.736      0.280        63006 
    19.238     28.228      0.723      1.015       152865 
    19.970     17.534      0.272      0.525       301974 
    23.700     12.019      2.276      0.850        30395 
    20.133     31.912      1.920      4.174       -61610 
    21.275     32.326      1.710      4.176        93722 
    19.296     22.072      0.500      3.990       482455 
    19.336     19.345      3.983      3.988      4121015 
    34.000     24.287      3.905      4.536      -137447 
    34.000     14.420      4.529      4.544      1179822 
    33.107     14.912      4.507      4.513      -130992 
    32.357     14.373      4.537      4.540       198782 
    15.218     21.665      0.161      4.304       252411 
    15.257     21.630      0.657      4.310        92245 
    15.204     21.541      0.635      4.296        92709 
    15.346     27.503      1.661      4.276       167754 
    15.486     31.759      1.778      4.304        98099 
    13.947     19.375      2.595      4.272        72824 
    15.270     15.499      2.161      4.297      -285718 
    15.141     14.181      1.931      4.298      -230355 
    15.203     14.151      1.770      4.299      -150987 
    15.436     17.253      3.016      4.275      -109474 
    13.947     16.773      2.960      4.281       -66694 
    15.376     17.429      1.648      4.286      -122748 
    13.947     17.618      1.650      4.294        60103 
    14.543     14.529      4.504      4.286      1745051 
    30.829     21.623      0.158      1.576       450651 
    30.683     24.135      3.049      1.545        88772 
    21.359     21.684      4.163      0.143        64380 
    24.252     21.548      0.158      3.045       406548 
    22.816     19.091      0.951      3.042       -68454 
    24.202     17.241      1.931      3.042      -162361 
    22.456     24.201      4.378      4.359       193417 
    29.376     20.979      2.818      1.508      -321843 
    20.977     20.891      0.827      2.841      -124769 
    19.727     18.258      0.816      2.847        74005 
    32.839     32.866      4.949      4.956      2604322 
    32.828     33.460      1.713      4.959      -336926 
    32.898     15.790      1.849      4.960       155347 
    21.814     13.985     -0.475      0.423       -62126 
    13.947     25.957      0.104      6.592       -94183 
    26.344     30.224      5.261      0.096      -109197 
    21.618     19.422      1.933      0.659       -68625 
    27.427     30.599      4.070      0.428      -105043 
    23.698     15.758      1.853      0.729      -122396 
    25.542     15.951      1.838      0.734       -79846 
    23.682     33.463      1.715      0.728       365986 
    21.751     33.728      5.199      0.225       -71540 
    17.009     30.880      4.874      0.293      -107657 
    27.777     13.866      0.412      0.333       307535 
    26.915     14.184      0.301      0.377        88108 
    26.695     13.820      0.270      0.330       -62567 
    18.265     18.239      4.337      4.340      3300086 
    18.328     29.543      0.182      4.332      -166039 
    19.137     16.715      2.865      4.345        84332 
    18.266     16.740      3.109      4.337      -203383 
    18.372     16.854      2.982      4.339      -178965 
    21.530     26.724      0.896      1.377       116743 
    26.971     26.169      0.089      1.113       164894 
    26.853     21.780      0.423      1.131       221151 
    26.729     15.471      5.577      1.098        84866 
    27.341     33.118      4.538      1.107       -83615 
    21.713     15.203      5.642      1.380        82992 
    22.164     34.000      0.746      1.364       -77855 
    20.004     27.023      0.473      0.517        65247 
    27.500     14.211      0.321      0.429       228579 
    30.751     24.595      1.150      4.961      -131345 
    15.876     16.004      1.900      1.570       280981 
    21.636     28.191      1.527      0.221       120867 
    21.645     19.397      1.007      0.166       379037 
    17.438     17.468      0.273      0.277     13927497 
    17.415     20.039      0.516      0.275       330755 
    17.453     23.655      0.838      0.281       362338 
    17.353     23.338      0.149      0.285       383955 
    19.226     31.807      4.743      1.508      -482455 
    19.243     21.587      0.166      1.015       311581 
    18.343     26.769      0.905      0.888       183306 
    23.768     17.445      0.276      0.854       332694 
    23.552     28.502      0.163      0.858      -134522 
    23.732     23.326      0.153      0.855       261559 
    13.947     13.909      4.219      4.224     12853314 
    26.993     24.023      2.481      0.517      -119582 
    24.514     26.846      0.491      2.484      -112593 
    27.434     25.789      2.311      0.531        65224 
    26.827     26.033      2.405      0.496       -70822 
    26.015     25.889      2.339      0.526       -97830 
    23.174     25.885      2.330      0.166       -98201 
    26.248     23.314      0.166      1.626       190002 
    26.137     27.249      0.459      1.639       250574 
    27.039     20.846      1.476      1.638      -953300 
    26.996     23.446      0.852      1.638       265579 
    26.212     22.570     -0.240      1.623       108886 
    27.655     25.792      1.579      1.635       -65992 
    27.095     27.108      1.630      1.633      5356888 
    25.355     27.287      1.609      1.632      -143269 
    21.228     27.073      1.587      1.473     -1301808 
    21.192     25.056      0.871      1.475      -609347 
    21.183     23.437      0.828      1.472      -491741 
    21.056     20.937      0.837      1.457      -381201 
    21.605     21.564      1.484      1.472      8043986 
    21.640     13.917      4.228      1.473      -474706 
    20.820     32.162      4.484      1.473       283881 
    20.794     29.764      3.522      1.472       191313 
    19.862     29.711      3.629      1.496       -99787 
    14.975     29.310      1.536      1.544       -99169 
    13.947     21.640      1.535      1.544       287798 
    14.972     21.194      0.908      1.542       -74853 
    13.947     20.975      0.833      1.460     -1146737 
    26.843     25.519      0.735      1.317       267479 
    26.811     23.666      0.735      1.308       290492 
    25.854     24.036      0.771      1.281        83003 
    26.779     26.756      1.306      1.310      2568756 
    26.850     21.319      1.311      1.320      -430016 
    26.814     14.288      0.840      1.296       483446 
    26.902     19.564      1.990      1.289      -197797 
    27.675     22.648      3.034      1.284        75288 
    26.228     22.553      3.039      1.293      -211521 
    26.951     17.086      4.777      1.316       126952 
    23.501     17.281      4.811      0.723       102475 
    27.397     34.000      4.231      1.289       -71530 
    26.913     34.000      4.245      1.310      -115504 
    25.375     13.798      1.792      0.729      -105545 
    25.547     13.623      1.671      0.734      -111285 
    26.349     26.362      0.889      1.301       649258 
    26.902     19.564      1.990      1.289      -197797 
    16.559     25.512      2.311      5.220       -89112 
    16.830     25.586      3.719      5.215      -125035 
    16.635     30.104     -0.213      5.220       -99784 
    26.107     32.599      5.422      0.101       -93403 
    26.219     32.285      5.400      0.076      -106616 
    24.930     32.787      5.356      0.087        84819 
    34.000     23.661      0.734      4.255      -622806 
    34.000     25.473      0.726      4.255      -165368 
    34.000     21.392      1.371      4.255       316192 
    32.465     21.858      1.312      4.239       -64193 
    19.279     31.097      4.048      1.457      -149636 
    19.121     19.127      1.466      1.472     79142280 
    32.159     32.189      4.490      4.492      7089264 
    32.177     20.816      1.473      4.494       401874 
    32.115     23.377      0.843      4.492      -359917 
    32.156     29.756      3.531      4.493       443692 
    32.193     29.727      3.747      4.492       653747 
    23.407     32.195      4.489      0.853      -390730 
    23.262     20.747      1.474      0.853      -308554 
    23.344     27.101      1.621      0.841       333769 
    23.495     29.622      3.526      0.854      -107511 
    23.392     29.908      3.747      0.852      -107865 
    23.706     26.797      0.499      0.853       351162 
    23.480     23.468      0.838      0.847     70663712 
    15.197     19.787      2.575      4.297      -315350 
    15.189     29.758     -0.138      4.295      -162068 
    15.267     15.276      4.289      4.295     10945770 
    29.945     15.226      4.289      6.866      -174820 
    29.654     19.745      2.579      6.865       377434 
    29.713     29.745     -0.139      6.866      8869958 
    29.703     14.433     -0.333      6.869      1139436 
    21.030     21.025      2.830      2.834     25875118 
    30.207     30.269      5.370      5.378       720142 
    30.169     27.616     -0.475      5.376       246573 
    30.185     30.662      3.783      5.377       212023 
    30.119     30.722      4.089      5.385       216452 
    30.149     27.502      0.433      5.364       -98161 
    27.630     14.388     -0.229      6.521       857366 
    14.616     14.621     -0.283      6.720     18016152 
    24.242     24.233      3.037      3.044      3044531 
    24.346     30.748      1.568      3.038       114331 
    24.224     21.647      0.655      3.041       341391 
    24.206     19.373      1.006      3.047       442002 
    30.828     30.846      1.571      1.576      2527202 
    30.853     21.608      0.659      1.580       510943 
    21.624     24.276      3.035      0.659       449504 
    21.631     30.877      1.568      0.659       709232 
    21.631     21.613      0.655      0.659     24906390 
    21.667     19.450      1.005      0.657       155436 
    21.646     19.611      4.698      0.659       431149 
    21.599     18.191      0.892      0.660       105532 
    21.621     21.600      0.207      0.215     12140790 
    23.626     23.612      3.504      4.347       693647 
    14.469     14.441      4.000      4.002      2616766 
    14.576     22.628      1.532      3.998      -140414 
    14.419     23.713      0.928      4.002       446557 
    14.296     25.878      1.631      4.007       104598 
    23.682     32.379      1.934      0.933       161440 
    24.107     30.697      3.750      0.925       -71815 
    23.600     27.097      1.942      0.933       128205 
    23.694     14.443      3.997      0.934       696345 
    23.797     22.643      1.414      0.935      -220038 
    23.694     23.709      0.928      0.934     21516752 
    23.691     27.523      0.428      0.934       831542 
    23.694     25.825      1.636      0.934       440561 
    23.794     21.405      4.140      0.934        60295 
    27.533     30.063      5.383      0.437      -120016 
    27.535     18.054      2.644      0.437      -200302 
    27.406     27.648     -0.475      0.433      -168547 
    27.482     30.676      3.786      0.430      -187972 
    27.298     14.248      3.990      0.433        90649 
    27.481     22.596      1.432      0.431      -175969 
    27.543     22.667      1.531      0.432      -181040 
    27.518     23.711      0.930      0.434       701217 
    27.521     27.518      0.427      0.433      8687395 
    27.541     25.855      1.637      0.435       299340 
    27.481     21.603      0.221      0.433       290842 
    27.672     21.814      4.159      0.436       119175 
    30.793     30.800      4.952      4.959      3327059 
    30.803     19.318      1.364      4.958      -630911 
    30.789     33.336      5.225      4.957       480950 
    30.873     15.657      1.476      4.955        96123 
    19.272     30.810      4.951      1.368      -838423 
    19.273     21.290      2.874      1.366      -100162 
    19.248     25.519      0.728      1.370       398286 
    19.317     23.742      0.746      1.369       172059 
    19.041     19.008      1.363      1.367     40096632 
    17.162     17.160      4.797      4.803      4625344 
    15.828     21.586      0.211      1.581      -308878 
    15.813     17.499      0.271      1.577      -316925 
    15.862     15.864      1.566      1.577      1549162 
    21.600     27.365      0.446      0.218       318938 
    21.631     17.017      4.787      0.218       540801 
    21.630     15.818      1.573      0.217      -465296 
    21.593     17.479      0.275      0.219       703610 
    21.653     14.216      0.318      0.219       380664 
    21.573     24.468      0.633      0.218      -102028 
    21.637     21.617      4.151      0.218       368521 
    17.480     27.652      0.422      0.280        74054 
    17.687     17.049      4.787      0.279       110160 
    17.359     15.841      1.579      0.275      -388907 
    17.466     21.613      0.202      0.277       537326 
    17.438     17.468      0.273      0.277     13927497 
    17.225     33.335      5.237      0.278      -159934 
    17.563     26.843      0.509      0.278       239274 
    17.353     23.338      0.149      0.285       383955 
    19.710     27.834      0.346      3.942       102587 
    19.835     19.484      0.517      3.946       260400 
    19.756     31.515      4.916      3.948      -141694 
    19.806     23.326      0.165      3.952       255229 
    13.947     21.694      0.193      0.323       358467 
    13.947     17.448      0.263      0.309       169064 
    27.832     19.737      0.521      0.334       133480 
    19.498     19.790      3.952      0.531       332606 
    19.436     27.882      0.348      0.528       156440 
    19.662     27.832      0.800      0.529       220710 
    19.550     19.293      1.500      0.530       692621 
    19.552     21.369      0.899      0.528       187235 
    19.774     23.306      0.166      0.521       200595 
    19.799     19.815      0.519      0.528     20284466 
    34.000     34.000      4.519      4.526      5409876 
    19.298     19.569      0.519      1.510       741671 
    19.251     21.429      0.914      1.509       369239 
    29.550     16.821      2.967      7.181       228970 
    29.529     29.550      0.177      7.178     11358241 
    29.536     14.725     -0.153      7.181      1448965 
    14.686     29.552      0.176      6.847      1751409 
    14.702     14.743     -0.154      6.848     15849445 
    21.092     21.101      0.816      0.822     64925092 
    21.434     19.483      0.507      0.925       169445 
    21.407     19.320      1.500      0.920       311987 
    21.371     21.372      0.911      0.921     16755404 
    31.690     31.687      1.873      1.880      2399660 
    34.000     33.836      5.068      5.074      2239122 
    21.090     21.100      2.912      2.916     60896816 
    25.510     25.498      3.564      4.483       357956 
    25.522     25.545      4.491      4.482       541658 
    33.301     30.784      4.953      5.232       547805 
    33.327     19.321      1.381      5.233      -108728 
    33.246     17.424      0.278      5.233      -153746 
    33.313     33.311      5.227      5.234      3880274 
    33.276     15.544      1.456      5.235       413742 
    33.319     29.103      1.536      5.227      -101765 
    33.240     24.612      1.154      5.232      -183771 
    29.325     15.596      1.442      1.544      -164372 
    29.299     29.277      1.528      1.529      9632581 
    29.298     21.025      2.824      1.533      -290937 
    29.334     24.563      1.165      1.534       453357 
    20.742     19.430      1.374      2.838       -90861 
    20.900     15.519      1.444      2.826       111177 
    21.022     29.272      1.534      2.837      -389786 
    20.986     24.458      1.163      2.836      -259969 
    21.037     18.245      0.887      2.839      -136581 
    24.507     15.531      1.449      1.155      -568388 
    24.476     29.281      1.503      1.146       411852 
    24.681     21.079      2.826      1.132       -85477 
    24.402     21.018      2.840      1.156      -177359 
    21.030     21.019      4.114      4.117      2431892 
    20.912     14.295      0.319      4.118       138252 
    21.095     19.471      1.018      4.120       218995 
    20.840     18.947      4.815      4.115       274528 
    13.947     28.209      1.489      0.316       250834 
    14.333     19.347      1.009      0.323       568530 
    13.947     23.469      0.831      0.289       790629 
    13.947     14.185      0.319      0.325     11544866 
    19.450     24.254      3.033      1.016       469406 
    19.345     21.024      4.100      1.016       272303 
    19.333     17.279      1.945      1.013      -402244 
    19.459     14.206      0.327      1.015       473612 
    19.366     28.198      1.498      1.015       140100 
    19.379     19.406      1.006      1.013      9742235 
    19.718     21.622      0.659      4.700       400032 
    19.668     19.655      4.697      4.701      3683815 
    19.683     19.574      1.987      4.702      -382749 
    19.752     18.351      0.873      4.701       520516 
    13.947     19.574      1.991      0.847      -306818 
    13.947     14.280      0.838      0.846     13864282 
    13.947     26.858      1.283      0.845       468653 
    13.947     21.708      1.393      0.845       362653 
    13.947     23.208      3.677      0.841       289166 
    13.947     28.017      0.804      0.811       753472 
    13.947     27.989      1.621      0.810       402195 
    13.947     17.778      0.667      0.810       329537 
    18.288     21.632      0.626      0.888       121677 
    18.383     15.515      1.461      0.885      -164359 
    18.326     21.061      2.823      0.889      -137078 
    18.424     24.549      1.133      0.891       118494 
    18.357     19.661      4.695      0.886       587027 
    18.365     19.565      1.989      0.884      -634534 
    18.368     14.322      0.837      0.887       744516 
    18.405     26.827      1.281      0.886       188855 
    18.373     18.349      0.881      0.885     21217554 
    18.382     23.209      3.680      0.886       478308 
    32.619     15.389      5.589      4.439      -121713 
    33.033     22.118      1.194      4.535       147818 
    32.941     21.789      0.415      4.539      -553849 
    32.799     27.104      1.129      4.543       -98866 
    21.816     14.149      1.752      0.421      -135485 
    21.828     15.480      2.058      0.420      -185264 
    21.768     32.988      4.535      0.423      -778547 
    21.795     22.296      1.182      0.420      -249054 
    21.770     21.788      0.413      0.423     22813420 
    21.760     26.939      1.109      0.421       348112 
    21.767     21.682      1.378      0.423       518822 
    26.947     32.782      4.506      1.131       -77794 
    26.853     22.262      1.182      1.119      -235713 
    26.853     21.780      0.423      1.131       221151 
    26.803     15.622      5.549      1.134        90283 
    26.907     26.934      1.110      1.114       748766 
    18.806     33.046      4.191      1.366     -1052619 
    28.478     21.967      0.555      3.398       517511 
    28.440     28.463      3.396      3.400      7832000 
    21.856     28.494      3.394      0.559       727415 
    21.905     21.952      0.555      0.559     49077516 
    30.236     14.931      4.417      6.768      -243074 
    30.145     22.666      2.234      6.764       272572 
    30.462     22.591      2.859      6.760       190784 
    30.160     30.168     -0.240      6.764      4267384 
    30.160     14.906     -0.248      6.765      2504540 
    14.874     30.188     -0.241      6.759      2412120 
    15.350     15.395      5.580      5.583      1855348 
    15.251     23.923      2.497      5.564      -169149 
    15.116     24.251      3.182      5.568      -211404 
    24.030     24.085      2.487      2.498       297973 
    24.137     24.054      3.159      2.493       246163 
    23.700     23.568      0.833      2.498      -212649 
    30.410     30.422      5.247      5.249      1790989 
    30.321     21.726      1.377      5.248      -410549 
    30.357     32.700      5.441      5.252       227298 
    30.608     27.822      6.470      5.244            0 
    21.683     14.256      0.843      1.378       353799 
    21.633     18.046      0.874      1.376       105625 
    21.654     14.151      1.758      1.381      -358806 
    21.671     14.228      1.928      1.382      -235593 
    21.708     21.788      0.416      1.379       380976 
    21.718     30.422      5.244      1.380      -522498 
    21.708     17.815      0.673      1.379       523146 
    21.790     27.675      6.470      1.381            0 
    21.721     14.219     -0.410      1.380      -378753 
    21.688     21.687      1.376      1.380     18164454 
    19.063     19.035      4.813      4.815      2701648 
    20.033     25.575      3.563      0.529      -239399 
    20.423     21.129      4.077      0.546        77878 
    19.756     19.579      1.007      0.533       241858 
    20.106     19.018      4.815      0.529       338209 
    20.137     15.151      2.161      0.528      -362018 
    20.054     23.708      0.848      0.527       839312 
    23.683     20.939      4.115      0.854       267810 
    23.749     14.190      0.305      0.851       154382 
    23.674     19.052      4.815      0.853       459498 
    23.705     15.103      2.175      0.854      -320919 
    23.686     20.074      0.518      0.852       873568 
    13.947     13.944      5.342      5.348      2849614 
    13.947     23.206      3.671      5.352       317756 
    20.883     20.846      4.450      4.456      5480094 
    20.889     21.657      1.069      4.456       532419 
    21.544     15.610      2.237      1.076      -225318 
    21.648     20.815      4.453      1.073       602573 
    21.645     21.630      1.065      1.074     31210016 
    23.605     23.624      4.342      4.345      1196803 
    34.000     20.884      2.620      4.527       512990 
    18.675     18.656      1.558      1.568      2009176 
    18.845     27.793      1.619      1.564      -120336 
    18.561     17.835      0.674      1.566      -435818 
    34.000     18.272      0.888      0.795      -308253 
    34.000     18.771      1.545      0.807       339933 
    34.000     34.000      0.800      0.809     20937416 
    34.000     27.975      0.802      0.810     -1505422 
    34.000     27.956      1.615      0.810      -792862 
    34.000     17.823      0.672      0.807      -694610 
    17.818     21.691      1.377      0.684       538087 
    17.808     13.917      5.337      0.685       145566 
    17.825     18.633      1.564      0.683      -478703 
    17.817     34.000      0.801      0.684      -751315 
    17.762     27.917      0.820      0.684       221763 
    17.866     27.888      1.615      0.683       147049 
    17.822     17.823      0.676      0.684     19442814 
    19.294     28.948      3.715      3.992       534097 
    32.713     30.438      5.250      5.449       235694 
    32.681     32.656      5.442      5.448      1513199 
    27.673     27.696      6.470      6.521            0 
    13.947     21.803      0.430      6.589       -92728 
    13.947     30.512      5.234      6.602        77631 
    13.947     21.683      1.376      6.595      -378422 
    13.947     17.792      0.674      6.594      -233651 
    13.947     27.805      6.470      6.596            0 
    13.947     14.224     -0.410      6.593     11193953 
    16.700     16.732      5.213      5.216      2299533 
    31.644     19.859      3.939      4.899      -139233 
    31.471     31.480      4.900      4.905      2047803 
    31.385     24.484      0.650      4.898       121306 
    31.440     24.392      1.824      4.893       131049 
    31.490     23.280      0.161      4.906      -366551 
    24.413     24.578      1.838      0.655       218383 
    24.546     24.648      1.854      1.851      1054332 
    26.882     23.731      0.848      0.506       379132 
    26.866     21.620      0.194      0.504       168495 
    26.850     17.485      0.274      0.506       203855 
    26.849     14.233      0.317      0.506       220349 
    26.810     24.601      0.643      0.509      -122058 
    27.004     24.616      1.835      0.504      -145695 
    26.844     26.837      0.501      0.506      6653188 
    26.839     23.363      0.167      0.507       471439 
    26.867     26.400      1.619      0.505       214869 
    23.409     15.976      1.571      0.170       -74117 
    23.338     17.501      0.276      0.165       328939 
    23.282     19.828      3.952      0.164       265770 
    23.419     19.802      0.519      0.166       146619 
    23.314     31.497      4.897      0.165      -400000 
    23.410     24.624      0.656      0.167       -98785 
    23.149     24.542      1.822      0.175      -109621 
    23.352     26.821      0.504      0.166       416039 
    23.322     23.327      0.160      0.165      9399814 
    23.415     26.331      1.643      0.164       230027 
    17.246     21.596      4.140      4.789       529167 
    31.222     31.197      3.844      3.850      3935975 
    31.232     21.681      1.235      3.849       648914 
    21.768     17.373      4.811      1.246       482879 
    21.670     31.209      3.845      1.245       970464 
    21.681     30.491      3.663      1.246      -346911 
    21.681     21.678      1.236      1.245     29229042 
    21.722     27.579      0.436      4.153       149965 
    21.710     21.577      0.224      4.152       350871 
    21.636     21.635      4.150      4.155      2252176 
    21.650     32.502      1.726      4.155       152870 
    21.672     32.366      1.936      4.155       282186 
    21.635     17.069      4.787      4.153       391291 
    21.390     25.553      0.726      1.373      -212404 
    21.399     23.714      0.732      1.388      -182351 
    25.546     19.345      1.365      0.731       493522 
    25.525     33.323      1.720      0.733       138823 
    25.549     28.959      1.598      0.733       328695 
    25.557     21.223      2.913      0.733      -201073 
    25.618     34.000      4.250      0.733      -185402 
    24.992     21.753      1.395      0.767      -122846 
    25.545     25.537      0.726      0.732     29738926 
    25.650     23.733      0.725      0.729      1939189 
    25.544     26.798      1.307      0.731       413637 
    23.673     19.331      1.360      0.726       175897 
    23.652     28.939      1.591      0.726       218128 
    23.624     21.169      2.888      0.730      -194549 
    23.658     34.000      4.252      0.727      -678522 
    23.658     21.348      1.369      0.728      -380917 
    23.660     23.665      0.724      0.727     37437104 
    23.687     26.845      1.309      0.726       456872 
    21.222     28.958      1.623      2.921      -440344 
    24.850     32.918      1.719      1.389       342433 
    24.838     28.948      1.605      1.391      1564431 
    24.810     24.779      1.371      1.395      4713082 
    13.947     13.909      4.219      4.224     12853314 
    13.947     21.563      1.491      4.223      -481225 
    13.947     24.895      0.867      4.220       188198 
    13.947     26.990      1.553      4.222       157124 
    24.828     13.919      4.231      0.863       297744 
    24.947     21.474      1.504      0.865      -990222 
    24.925     27.046      1.547      0.861       917888 
    23.656     21.588      1.489      0.810      -603111 
    26.909     13.932      4.230      1.558       176151 
    26.945     24.917      0.867      1.562       468829 
    27.034     23.659      0.811      1.564       462052 
    26.993     27.033      1.554      1.557      8890580 
    26.999     21.616      1.532      1.557     -2235267 
    18.931     32.077      4.175      1.259      -984241 
    18.929     18.893      1.255      1.259     42116948 
    29.606     16.652      4.464      7.016      -224797 
    29.701     18.140      2.940      7.018       458460 
    14.592     29.707      0.016      6.716      2988216 
    21.087     21.090      3.928      3.933     11067193 
    21.081     32.766      1.955      3.934       231896 
    21.090     21.022      0.834      3.932       831546 
    21.068     21.052      3.927      0.824       531098 
    21.099     32.675      1.952      0.823       774980 
    13.947     23.678      0.793      4.224       611046 
    23.648     13.915      4.232      0.813       907169 
